$ANSIBLE_VAULT;1.1;AES256
37363164643132323336333166393636343834643835306662623965336236356438333765616138
3666633464613632626463633230666135343232646136300a313934336634323234623765666566
31336363343038613161303563623963646233306431386563663463323731646564656139353065
3033343263373333330a303964343461346134396231636338616361323665376439663739666636
39396236363262636266643562386339626265323363646436613036393336633762663135643533
34366632326238646138356336343063343833323638616566656635363938643535326233323032
38313237383661306666646637653563386562613166343861653336316663646431613737383130
34346630663865626636336231326131646536383466396239666139373134343934393834346338
34333136663363313165616331366366623937326333656131393834333130636532346231373465
36653135663364666639313437393236613932646438626265663765353663363963393266373966
39373165363230393430376237613432343838333330376634386163333964303639333239316132
35626434373830326336343936303563643038353130323366313133313266356130333630656230
36626232376636383334363935303631323631356163666137306262346235393263326337336366
39663937323631616165313162333031333932333765363364353535333535643062616537333531
31303265646366623139633462626334383338396330663333386331353530383234373766383062
39393538353933326265323261316239613234636234343935646566373562663863363065356438
64613135633366646237623433373030646530356561303833306532353737623233656465343865
36366566383130306562303838656433626666323237616164623335633933313363376438626234
65643832633439376666363866353237353231633234613563613638346362626563653338333536
33623335666638623337333264386331633662333237316135303737363032653139393561333530
31323238663231663233633363386538613966303131656336626339666235623462633266343538
30666638353032303831636231356334663337353236646138313636663238663563333964393663
38663731383538643533623938303833343266313534373837663536356531666462626537636332
35386462613765343866373730316437613231613563646466633737373238343533333233623038
65333338386463383565396631646334336633303865346261343538353763646165363164663264
34633432323036346639333030636134623530383737336536626232356264333337336339336265
64623437633163393530393939343239336261356237393538623939643432386534333239396561
65663864373461386433326562663531616632363061363261326231323561333039373766396363
37353337373432313630646238326131303366386262383239373833396633633035353639373538
61623837633963656664353166313837313235303730343662313736393963646539366565663063
38646138336666303637373530386630623434323232646138653135613931343561646231396263
36373234343166643739376333343362333538373439323664623365393861653263626566356466
38653430303539383064666239313934663636316539633732636661313364643564323939393465
63363336643766363265383639613034633866366134666532363232303532363230343762316531
61333565373565326165323932613562356362393132383237383332343937313234323836356336
30396230343736373262613265363762643233653535653433643666393164656531346133633338
34366334373033376638633364396532656231656463653766386332393831353461313266366661
30623764376532633033343238326666356439353735396565313261363136616662666566656535
36663861323939343963373064356437626337656161306330633833396365373863616536363561
37333163366237303638306464303662386437373536633533386334333739366638653335333139
33313132313237663638353539363939653361333264336333663532313366363935396262633838
3537326333383664666264333064613064636331336565326636
