$ANSIBLE_VAULT;1.1;AES256
35316161613831363766343261353935383565613632313763313161333964363836366362363036
3434393438626563313735383534373264643838633036310a303437633165333733313130393463
35626361616236346138353136393137643262393333333634663831373939396233616639373839
3333386135666261650a383764303534613862313534643931363531343662343630373133303661
39356362643334623164626333386235383965383637313739613062663661303666366661313233
63366661643536646137333563633231623037656161306134356132636537313861623639656337
65386132396636653932373334303665626663643837653939633064366638323834303561373863
62326636663630323264306236626238363265306631333561656439616531663632656132323637
39393962643862613736303266636462323965333065613161333534346265386635383664666235
61333232373639653238373434313036356463386265653065316532643638393232383461363838
64303932316236626530353862333539313965396638646139316366336634393662393533653431
35306436313235366331303366383962383164646637373137613064306363306464663964353536
64353031646365653533316439306337343163316532393332363364656633646639363837326536
37353532623033623834663335396362343761633031333836306538633831383433653531643061
30666439356165653736383432313765393966303365623531653232303861343131303033653363
39326333323666346137333166653633333165653266663466383934636366633434666539313335
65363665646262366466613563306266346132366539646431393432303036613435653764323766
39386265346430616235333235616232343265373065306433656566663034363338316430346164
35643161353866356439616664383532653865346534366238633263316632306231626233323031
62646331353237353161633334383335623439373237613261303638353438626464613030363138
31353039663130373732646139623865633935393362396336633933656536643333383239313536
31393064333831363933616364393536383037316633363964666533366461386634366262353732
34613734616630666536623765393664663164633434333134383731316230643937353333363236
37626435386432303932646135613266613338666566393762313130323331636337386263663132
32323961306432636433376538653331393332353866636463383039313166326235663462626536
62646535613732306364313632333537306364656332363565346333333364373437373131373931
63373837653638633735613933333537663864323663306164383463613862646139376465646237
30636335313230383935616338323438326334636265306638386434326563393562626133323137
66316238343337326432633037373763313661343636306235316635363439323764643962643338
30633266623863313066333830653534363531636639313539663038326663636139663664376566
36623836666235356337343266636461373564626637353838653738386666313864343866323530
36373934653836663063386130366664633139386465646466393762633663363535623661373761
32653761636266643466393737646536353264656338396565373533346438666564316462323232
30306231326363343830336133303236393934366132393331636231656434326434333635663431
35373636623434663763303638316362363732333433336135636539386530316333363337353263
62656437646162633534323034383731363664316134353439306532656631353661636165643737
33373834306331616662373138633434303462663962653839613366666135656138363338393235
34383239316538323031306135616438363364613237306238666231626333333730393265613664
66376562353935363464666662336532626431393564336438373831333264373339646465323166
30383338653461343033363331383732666461643861643039613865613734633330613932646164
35366666313831663236356531323738353332383034653038343331333837613134336436633939
37373066373862626439656563623164393562353831633161663032316237303839623863323262
65383537326431343830633565636538646334346131323033343633336538666137653532623237
65366138356362353036363433626631376631396434663762616130373964623463303066643061
32633863303839643636363932613137363635376262386232313233613664623434653130343464
36393333643336363234366330356233613836346433356132313839333530356632626664336234
62396630333265653530346665306264643062363234623730663462656633643564663933643161
62393365363064353635303937303831613334333432323961393265326637613834623535303862
34333133363964343330313133326439323265356466316662323662643966303865646133616531
34323039393031333333326161623034363263366533643239373130613733306339383130623632
61343661613235393862653437303333383163383135626163313066316636393438353332626631
37633762633866636432613136376364393333323163346163616338636535306431366133323132
37353964316535616662336263316137656135303037363630633530353235353362303630663438
35306533636231376366353666653431363431306236323538353731336462313430386630336135
64356666653737383730336365383462633032393266323438306434636338646562646337346132
33663434333136643031613136303833316339663963636666626134653136323863343261363836
39303536373965653465363839623164663865626162323034383332333030643730313839636233
30616562306337646236636361663965663838326239393237386565656434336238343337633766
36636266663234383962346338636565383832393931386334396134363437336132336232363461
64666530306365613761326331626235316132363035663832653833336137633265336563653362
32646364353061346134343462383639363964333065353339613631336163663064313236666534
36616131643236623561373132386261323564323766663838396633336362343537393732303438
35306431623165383536363531636464626537343537636333383937383665356139383933663432
35316534666438303433636461353639383066626138393130383237333132353666626536343737
65653061356536656664663233373834383263333063663063663339646138393933643835623834
31303162363933383564336365333336616335333361336238333231363331343533656532666664
61393431393839353734616561663762383763663236343131313938303365333234636533346138
37623663616238303061366466303964656231306265313035383663343738316264323736396138
65336131373536653737626264393761396539326436663334303633323763303737393261616561
39323637626439313537633565306162656433313261303939353265656261306366333563643065
34323466616266393132323461303133303866653936353665326639393638633131643163623933
30306666356330653633303066373765366439393935366533333336333036323332356539636633
36323535313131373531363830643163333562323432393863666336353061353136326663616465
34336463363438393033346562316261323335313932663230376563376164336238393964373330
38633966383663643164643436633132626261323432343835393735316664363065316264633864
34663930356432343534356463373333653164373363343562393637636431396232643463373732
62333862346166643838303035316132626332313233616331383033633832363262653237313335
66313132633962376263356464303364396664333931616235633162326163313265313233313834
65393435393563353466383636383135363666653233313666663431363033386337396331323931
62313634323539643339356632393139623331376633626539663765306563633236326337633466
35313134623038383430343766643065386430306565306532653365666331656434333666643135
61353963353733393363663333623833343066643966396666353134383531316261373738343663
34303338333239373133306531363134363833366532313863633966386538303064633333396631
34643330633563643538343063636430393663616630663633393436313132633766623366623637
66393937623532383466306664376330363563376337343636363739353864633430366432653935
34396164383333613562396466666430316666313861663562643332653861373461333838326665
34643338633036623135616263613033333162313139356337663762316239356632613031396464
66613539383966626632
